6884839 6885959 14 RemainTicket 1996 7 11 13
6885179 6886149 1 RemainTicket 1999 4 7 8
6892339 6893489 14 RemainTicket 1991 10 8 13
6897439 6898519 14 RemainTicket 2000 4 3 7
6901299 6902409 14 RemainTicket 1994 2 3 15
6896109 6915229 1 TicketBought 170 passenger37 9 1 12 14 4
6919329 6920649 1 RemainTicket 1990 3 3 15
6922799 6923469 1 RemainTicket 1996 8 5 15
6907249 6930579 14 TicketBought 171 passenger61 1 1 7 10 3
6935079 6936439 14 RemainTicket 1993 5 9 14
6938749 6939299 14 RemainTicket 1996 1 4 11
6941279 6941919 14 RemainTicket 1998 2 15 16
6945709 6946379 14 RemainTicket 1993 3 10 12
6952579 6973649 14 TicketBought 172 passenger53 4 1 7 8 3
6977339 6978369 14 RemainTicket 1994 7 8 13
6980869 6981619 14 RemainTicket 1999 1 2 3
6983839 6984579 14 RemainTicket 1996 2 12 16